(kicad_pcb (version 20171130) (host pcbnew "(5.1.6)-1")

  (general
    (thickness 1.6)
    (drawings 102)
    (tracks 1154)
    (zones 0)
    (modules 154)
    (nets 107)
  )

  (page A4)
  (layers
    (0 F.Cu signal)
    (31 B.Cu signal)
    (32 B.Adhes user)
    (33 F.Adhes user)
    (34 B.Paste user)
    (35 F.Paste user)
    (36 B.SilkS user)
    (37 F.SilkS user)
    (38 B.Mask user)
    (39 F.Mask user)
    (40 Dwgs.User user hide)
    (41 Cmts.User user hide)
    (42 Eco1.User user)
    (43 Eco2.User user)
    (44 Edge.Cuts user)
    (45 Margin user)
    (46 B.CrtYd user hide)
    (47 F.CrtYd user hide)
    (48 B.Fab user hide)
    (49 F.Fab user hide)
  )

  (setup
    (last_trace_width 0.175)
    (trace_clearance 0.127)
    (zone_clearance 0.2)
    (zone_45_only no)
    (trace_min 0.1524)
    (via_size 0.6)
    (via_drill 0.3)
    (via_min_size 0.6)
    (via_min_drill 0.3)
    (uvia_size 0.3)
    (uvia_drill 0.1)
    (uvias_allowed no)
    (uvia_min_size 0.3)
    (uvia_min_drill 0.1)
    (edge_width 0.15)
    (segment_width 0.2)
    (pcb_text_width 0.3)
    (pcb_text_size 1.5 1.5)
    (mod_edge_width 0.15)
    (mod_text_size 1 1)
    (mod_text_width 0.15)
    (pad_size 1.524 1.524)
    (pad_drill 0.762)
    (pad_to_mask_clearance 0.0508)
    (aux_axis_origin 0 0)
    (visible_elements 7FFFFFFF)
    (pcbplotparams
      (layerselection 0x010fc_ffffffff)
      (usegerberextensions false)
      (usegerberattributes false)
      (usegerberadvancedattributes false)
      (creategerberjobfile false)
      (excludeedgelayer true)
      (linewidth 0.100000)
      (plotframeref false)
      (viasonmask false)
      (mode 1)
      (useauxorigin false)
      (hpglpennumber 1)
      (hpglpenspeed 20)
      (hpglpendiameter 15.000000)
      (psnegative false)
      (psa4output false)
      (plotreference true)
      (plotvalue true)
      (plotinvisibletext false)
      (padsonsilk false)
      (subtractmaskfromsilk false)
      (outputformat 1)
      (mirror false)
      (drillshape 0)
      (scaleselection 1)
      (outputdirectory "../GerberFiles/Leader/"))
  )

  (net 0 "")
  (net 1 GND)
  (net 2 +3V3)
  (net 3 /OSC_IN)
  (net 4 /NRST)
  (net 5 /OSC_OUT)
  (net 6 +5V)
  (net 7 +12V)
  (net 8 GNDPWR)
  (net 9 /PB1)
  (net 10 "Net-(D1-Pad2)")
  (net 11 "Net-(D2-Pad1)")
  (net 12 "Net-(D3-Pad1)")
  (net 13 /PC3)
  (net 14 /PC2)
  (net 15 "Net-(D4-Pad1)")
  (net 16 "Net-(D5-Pad1)")
  (net 17 /PC1)
  (net 18 /PC0)
  (net 19 "Net-(D6-Pad1)")
  (net 20 "Net-(D7-Pad1)")
  (net 21 /PA7)
  (net 22 /PA6)
  (net 23 "Net-(D8-Pad1)")
  (net 24 "Net-(D9-Pad1)")
  (net 25 /PA5)
  (net 26 "/Contactor Driver/CONTACTOR_V-")
  (net 27 /SWCLK)
  (net 28 /SWDIO)
  (net 29 /CAN/CAN_L)
  (net 30 /CAN/CAN_H)
  (net 31 "Net-(Q1-Pad1)")
  (net 32 "Net-(Q2-Pad1)")
  (net 33 "Net-(Q3-Pad1)")
  (net 34 "Net-(Q4-Pad1)")
  (net 35 /I2C3_SCL)
  (net 36 /I2C3_SDA)
  (net 37 /PB0)
  (net 38 /CAN/RSlope)
  (net 39 /FAULT)
  (net 40 /USART3_RX)
  (net 41 /USART3_TX)
  (net 42 /SPI1_CLK)
  (net 43 /SPI1_MISO)
  (net 44 /SPI1_MOSI)
  (net 45 /CAN1_RX)
  (net 46 /CAN1_TX)
  (net 47 "Net-(C29-Pad2)")
  (net 48 "Net-(C29-Pad1)")
  (net 49 "Net-(C30-Pad1)")
  (net 50 "Net-(C30-Pad2)")
  (net 51 "Net-(C3-Pad1)")
  (net 52 "Net-(C14-Pad1)")
  (net 53 "Net-(D10-Pad1)")
  (net 54 /PA9)
  (net 55 /PA11)
  (net 56 /PA10)
  (net 57 /PA12)
  (net 58 /SPI3_CLK)
  (net 59 /SPI3_MISO)
  (net 60 /SPI3_MOSI)
  (net 61 "Net-(J7-Pad2)")
  (net 62 "/Fan Board Interface/FAN1")
  (net 63 "/Fan Board Interface/FAN2")
  (net 64 "/Fan Board Interface/FAN3")
  (net 65 "/Fan Board Interface/FAN4")
  (net 66 "Net-(Q3-Pad3)")
  (net 67 "Net-(R13-Pad1)")
  (net 68 "Net-(R13-Pad2)")
  (net 69 "/Sensor Boards Interface/VT_IM")
  (net 70 "/Sensor Boards Interface/VT_IP")
  (net 71 "/Sensor Boards Interface/I_IM")
  (net 72 "/Sensor Boards Interface/I_IP")
  (net 73 "Net-(R38-Pad1)")
  (net 74 /TIM3_CH1)
  (net 75 "Net-(R39-Pad1)")
  (net 76 /TIM3_CH2)
  (net 77 /TIM12_CH1)
  (net 78 "Net-(R40-Pad1)")
  (net 79 /TIM12_CH2)
  (net 80 /UART2_TX)
  (net 81 /UART2_RX)
  (net 82 /PA15)
  (net 83 /PD2)
  (net 84 "Net-(J7-Pad1)")
  (net 85 "Net-(J8-Pad2)")
  (net 86 "Net-(J8-Pad3)")
  (net 87 "Net-(J9-Pad4)")
  (net 88 "Net-(J11-Pad2)")
  (net 89 "Net-(C43-Pad1)")
  (net 90 "Net-(D11-Pad2)")
  (net 91 "Net-(D11-Pad1)")
  (net 92 "Net-(D13-Pad1)")
  (net 93 "Net-(D14-Pad2)")
  (net 94 "Net-(D14-Pad3)")
  (net 95 "Net-(D14-Pad4)")
  (net 96 "Net-(R14-Pad2)")
  (net 97 "Net-(R14-Pad1)")
  (net 98 "Net-(R22-Pad1)")
  (net 99 "Net-(R23-Pad2)")
  (net 100 "Net-(R32-Pad1)")
  (net 101 "Net-(R33-Pad2)")
  (net 102 "Net-(R35-Pad1)")
  (net 103 "Net-(R37-Pad2)")
  (net 104 "Net-(R41-Pad1)")
  (net 105 /PA4)
  (net 106 /PC4)

  (net_class Default "This is the default net class."
    (clearance 0.127)
    (trace_width 0.175)
    (via_dia 0.6)
    (via_drill 0.3)
    (uvia_dia 0.3)
    (uvia_drill 0.1)
    (add_net +12V)
    (add_net +3V3)
    (add_net +5V)
    (add_net /CAN/CAN_H)
    (add_net /CAN/CAN_L)
    (add_net /CAN/RSlope)
    (add_net /CAN1_RX)
    (add_net /CAN1_TX)
    (add_net "/Contactor Driver/CONTACTOR_V-")
    (add_net /FAULT)
    (add_net "/Fan Board Interface/FAN1")
    (add_net "/Fan Board Interface/FAN2")
    (add_net "/Fan Board Interface/FAN3")
    (add_net "/Fan Board Interface/FAN4")
    (add_net /I2C3_SCL)
    (add_net /I2C3_SDA)
    (add_net /NRST)
    (add_net /OSC_IN)
    (add_net /OSC_OUT)
    (add_net /PA10)
    (add_net /PA11)
    (add_net /PA12)
    (add_net /PA15)
    (add_net /PA4)
    (add_net /PA5)
    (add_net /PA6)
    (add_net /PA7)
    (add_net /PA9)
    (add_net /PB0)
    (add_net /PB1)
    (add_net /PC0)
    (add_net /PC1)
    (add_net /PC2)
    (add_net /PC3)
    (add_net /PC4)
    (add_net /PD2)
    (add_net /SPI1_CLK)
    (add_net /SPI1_MISO)
    (add_net /SPI1_MOSI)
    (add_net /SPI3_CLK)
    (add_net /SPI3_MISO)
    (add_net /SPI3_MOSI)
    (add_net /SWCLK)
    (add_net /SWDIO)
    (add_net "/Sensor Boards Interface/I_IM")
    (add_net "/Sensor Boards Interface/I_IP")
    (add_net "/Sensor Boards Interface/VT_IM")
    (add_net "/Sensor Boards Interface/VT_IP")
    (add_net /TIM12_CH1)
    (add_net /TIM12_CH2)
    (add_net /TIM3_CH1)
    (add_net /TIM3_CH2)
    (add_net /UART2_RX)
    (add_net /UART2_TX)
    (add_net /USART3_RX)
    (add_net /USART3_TX)
    (add_net GND)
    (add_net GNDPWR)
    (add_net "Net-(C14-Pad1)")
    (add_net "Net-(C29-Pad1)")
    (add_net "Net-(C29-Pad2)")
    (add_net "Net-(C3-Pad1)")
    (add_net "Net-(C30-Pad1)")
    (add_net "Net-(C30-Pad2)")
    (add_net "Net-(C43-Pad1)")
    (add_net "Net-(D1-Pad2)")
    (add_net "Net-(D10-Pad1)")
    (add_net "Net-(D11-Pad1)")
    (add_net "Net-(D11-Pad2)")
    (add_net "Net-(D13-Pad1)")
    (add_net "Net-(D14-Pad2)")
    (add_net "Net-(D14-Pad3)")
    (add_net "Net-(D14-Pad4)")
    (add_net "Net-(D2-Pad1)")
    (add_net "Net-(D3-Pad1)")
    (add_net "Net-(D4-Pad1)")
    (add_net "Net-(D5-Pad1)")
    (add_net "Net-(D6-Pad1)")
    (add_net "Net-(D7-Pad1)")
    (add_net "Net-(D8-Pad1)")
    (add_net "Net-(D9-Pad1)")
    (add_net "Net-(J11-Pad2)")
    (add_net "Net-(J7-Pad1)")
    (add_net "Net-(J7-Pad2)")
    (add_net "Net-(J8-Pad2)")
    (add_net "Net-(J8-Pad3)")
    (add_net "Net-(J9-Pad4)")
    (add_net "Net-(Q1-Pad1)")
    (add_net "Net-(Q2-Pad1)")
    (add_net "Net-(Q3-Pad1)")
    (add_net "Net-(Q3-Pad3)")
    (add_net "Net-(Q4-Pad1)")
    (add_net "Net-(R13-Pad1)")
    (add_net "Net-(R13-Pad2)")
    (add_net "Net-(R14-Pad1)")
    (add_net "Net-(R14-Pad2)")
    (add_net "Net-(R22-Pad1)")
    (add_net "Net-(R23-Pad2)")
    (add_net "Net-(R32-Pad1)")
    (add_net "Net-(R33-Pad2)")
    (add_net "Net-(R35-Pad1)")
    (add_net "Net-(R37-Pad2)")
    (add_net "Net-(R38-Pad1)")
    (add_net "Net-(R39-Pad1)")
    (add_net "Net-(R40-Pad1)")
    (add_net "Net-(R41-Pad1)")
  )

  (net_class PowerMax ""
    (clearance 0.127)
    (trace_width 0.25)
    (via_dia 0.7)
    (via_drill 0.35)
    (uvia_dia 0.3)
    (uvia_drill 0.1)
  )

  (net_class SignalMax ""
    (clearance 0.127)
    (trace_width 0.2)
    (via_dia 0.6)
    (via_drill 0.3)
    (uvia_dia 0.3)
    (uvia_drill 0.1)
  )

  (module UTSVT_Passive:V2F22HM (layer F.Cu) (tedit 5F15311F) (tstamp 5F139B5E)
    (at 139.25 60 270)
    (path /5C38C674/5C31D45E)
    (fp_text reference D12 (at 0 2 270) (layer F.SilkS)
      (effects (font (size 1 1) (thickness 0.15)))
    )
    (fp_text value V2F22HM3/H (at 0 0 270) (layer F.Fab) hide
      (effects (font (size 1 1) (thickness 0.15)))
    )
    (fp_line (start -1.4478 0.5969) (end -1.4478 -0.5969) (layer F.Fab) (width 0.1524))
    (fp_line (start -1.4478 -0.5969) (end -1.9558 -0.5969) (layer F.Fab) (width 0.1524))
    (fp_line (start -1.9558 -0.5969) (end -1.9558 0.5969) (layer F.Fab) (width 0.1524))
    (fp_line (start -1.9558 0.5969) (end -1.4478 0.5969) (layer F.Fab) (width 0.1524))
    (fp_line (start 1.4478 -0.5969) (end 1.4478 0.5969) (layer F.Fab) (width 0.1524))
    (fp_line (start 1.4478 0.5969) (end 1.9558 0.5969) (layer F.Fab) (width 0.1524))
    (fp_line (start 1.9558 0.5969) (end 1.9558 -0.5969) (layer F.Fab) (width 0.1524))
    (fp_line (start 1.9558 -0.5969) (end 1.4478 -0.5969) (layer F.Fab) (width 0.1524))
    (fp_line (start -1.4478 -0.47625) (end -0.97155 -0.9525) (layer F.Fab) (width 0.1524))
    (fp_line (start -1.4478 0.47625) (end -0.97155 0.9525) (layer F.Fab) (width 0.1524))
    (fp_line (start -1.5748 1.0795) (end 1.5748 1.0795) (layer F.SilkS) (width 0.1524))
    (fp_line (start 1.5748 -1.0795) (end -1.5748 -1.0795) (layer F.SilkS) (width 0.1524))
    (fp_line (start -1.4478 0.9525) (end 1.4478 0.9525) (layer F.Fab) (width 0.1524))
    (fp_line (start 1.4478 0.9525) (end 1.4478 -0.9525) (layer F.Fab) (width 0.1524))
    (fp_line (start 1.4478 -0.9525) (end -1.4478 -0.9525) (layer F.Fab) (width 0.1524))
    (fp_line (start -1.4478 -0.9525) (end -1.4478 0.9525) (layer F.Fab) (width 0.1524))
    (fp_line (start -2.413 0.8509) (end -2.413 -0.8509) (layer F.CrtYd) (width 0.1524))
    (fp_line (start -2.413 -0.8509) (end -1.7018 -0.8509) (layer F.CrtYd) (width 0.1524))
    (fp_line (start -1.7018 -0.8509) (end -1.7018 -1.2065) (layer F.CrtYd) (width 0.1524))
    (fp_line (start -1.7018 -1.2065) (end 1.7018 -1.2065) (layer F.CrtYd) (width 0.1524))
    (fp_line (start 1.7018 -1.2065) (end 1.7018 -0.8509) (layer F.CrtYd) (width 0.1524))
    (fp_line (start 1.7018 -0.8509) (end 2.413 -0.8509) (layer F.CrtYd) (width 0.1524))
    (fp_line (start 2.413 -0.8509) (end 2.413 0.8509) (layer F.CrtYd) (width 0.1524))
    (fp_line (start 2.413 0.8509) (end 1.7018 0.8509) (layer F.CrtYd) (width 0.1524))
    (fp_line (start 1.7018 0.8509) (end 1.7018 1.2065) (layer F.CrtYd) (width 0.1524))
    (fp_line (start 1.7018 1.2065) (end -1.7018 1.2065) (layer F.CrtYd) (width 0.1524))
    (fp_line (start -1.7018 1.2065) (end -1.7018 0.8509) (layer F.CrtYd) (width 0.1524))
    (fp_line (start -1.7018 0.8509) (end -2.413 0.8509) (layer F.CrtYd) (width 0.1524))
    (fp_text user "Copyright 2016 Accelerated Designs. All rights reserved." (at 0 0 270) (layer Cmts.User)
      (effects (font (size 0.127 0.127) (thickness 0.002)))
    )
    (fp_text user * (at -2.54 0 270) (layer F.SilkS)
      (effects (font (size 1 1) (thickness 0.15)))
    )
    (fp_text user * (at -1.1938 0 270) (layer F.Fab)
      (effects (font (size 1 1) (thickness 0.15)))
    )
    (fp_text user 0.041in/1.041mm (at -1.6383 -3.8608 270) (layer Dwgs.User)
      (effects (font (size 1 1) (thickness 0.15)))
    )
    (fp_text user * (at -1.1938 0 270) (layer F.Fab)
      (effects (font (size 1 1) (thickness 0.15)))
    )
    (fp_text user * (at -2.54 0 270) (layer F.SilkS)
      (effects (font (size 1 1) (thickness 0.15)))
    )
    (fp_text user 0.047in/1.194mm (at 4.3688 0 270) (layer Dwgs.User)
      (effects (font (size 1 1) (thickness 0.15)))
    )
    (pad 1 smd rect (at -1.6383 0 270) (size 1.0414 1.1938) (layers F.Cu F.Paste F.Mask)
      (net 7 +12V))
    (pad 2 smd rect (at 1.6383 0 270) (size 1.0414 1.1938) (layers F.Cu F.Paste F.Mask)
      (net 26 "/Contactor Driver/CONTACTOR_V-"))
  )

  (module UTSVT_Connectors:Molex_MicroFit3.0_1x4xP3.00mm_PolarizingPeg_Vertical (layer F.Cu) (tedit 5C0743A8) (tstamp 5F137363)
    (at 171 121 180)
    (path /5D766247/5F1F64D7)
    (fp_text reference J8 (at 4.5 -3) (layer F.SilkS)
      (effects (font (size 1 1) (thickness 0.15)))
    )
    (fp_text value CurrentConn (at 4.5 4) (layer F.Fab)
      (effects (font (size 1 1) (thickness 0.15)))
    )
    (fp_line (start 6 1.9) (end 6 3.1) (layer F.CrtYd) (width 0.15))
    (fp_line (start 6 3.1) (end 3 3.1) (layer F.CrtYd) (width 0.15))
    (fp_line (start 3 3.1) (end 3 1.9) (layer F.CrtYd) (width 0.15))
    (fp_line (start 3 1.9) (end -3.325 1.9) (layer F.CrtYd) (width 0.15))
    (fp_line (start -4.5 -3) (end -1.5 -3) (layer F.SilkS) (width 0.15))
    (fp_line (start -1.5 -3) (end -1.5 -2) (layer F.SilkS) (width 0.15))
    (fp_line (start -1.5 -2) (end 10.5 -2) (layer F.SilkS) (width 0.15))
    (fp_line (start 10.5 -2) (end 10.5 -3) (layer F.SilkS) (width 0.15))
    (fp_line (start 10.5 -3) (end 13.5 -3) (layer F.SilkS) (width 0.15))
    (fp_line (start 13.5 -3) (end 13.5 1.9) (layer F.SilkS) (width 0.15))
    (fp_line (start 13.5 1.9) (end -4.5 1.9) (layer F.SilkS) (width 0.15))
    (fp_line (start -4.5 1.9) (end -4.5 -3) (layer F.SilkS) (width 0.15))
    (fp_line (start -3.325 -2.47) (end 12.325 -2.47) (layer F.CrtYd) (width 0.15))
    (fp_line (start 12.325 -2.47) (end 12.325 1.9) (layer F.CrtYd) (width 0.15))
    (fp_line (start 12.325 1.9) (end 6 1.9) (layer F.CrtYd) (width 0.15))
    (fp_line (start -3.325 1.9) (end -3.325 -2.47) (layer F.CrtYd) (width 0.15))
    (pad 4 thru_hole circle (at 9 0 180) (size 1.7 1.7) (drill 1.02) (layers *.Cu *.Mask)
      (net 8 GNDPWR))
    (pad "" np_thru_hole circle (at 12 -1.96 180) (size 1.27 1.27) (drill 1.27) (layers *.Cu *.Mask))
    (pad 1 thru_hole circle (at 0 0 180) (size 1.7 1.7) (drill 1.02) (layers *.Cu *.Mask)
      (net 7 +12V))
    (pad 2 thru_hole circle (at 3 0 180) (size 1.7 1.7) (drill 1.02) (layers *.Cu *.Mask)
      (net 85 "Net-(J8-Pad2)"))
    (pad 3 thru_hole circle (at 6 0 180) (size 1.7 1.7) (drill 1.02) (layers *.Cu *.Mask)
      (net 86 "Net-(J8-Pad3)"))
    (pad "" np_thru_hole circle (at -3 -1.96 180) (size 1.27 1.27) (drill 1.27) (layers *.Cu *.Mask))
  )

  (module UTSVT_Connectors:Molex_MicroFit3.0_1x2xP3.00mm_PolarizingPeg_Vertical (layer F.Cu) (tedit 5C074512) (tstamp 5F13486D)
    (at 104 112 90)
    (path /5C29E573/5F1149C6)
    (fp_text reference J6 (at 1.5 -3 90) (layer F.SilkS)
      (effects (font (size 1 1) (thickness 0.15)))
    )
    (fp_text value PowerConn (at 1.5 4 90) (layer F.Fab)
      (effects (font (size 1 1) (thickness 0.15)))
    )
    (fp_line (start 3 1.9) (end 3 3.1) (layer F.CrtYd) (width 0.15))
    (fp_line (start 3 3.1) (end 0 3.1) (layer F.CrtYd) (width 0.15))
    (fp_line (start 0 3.1) (end 0 1.9) (layer F.CrtYd) (width 0.15))
    (fp_line (start 0 1.9) (end -3.325 1.9) (layer F.CrtYd) (width 0.15))
    (fp_line (start -4.5 -3) (end -1.5 -3) (layer F.SilkS) (width 0.15))
    (fp_line (start -1.5 -3) (end -1.5 -2) (layer F.SilkS) (width 0.15))
    (fp_line (start -1.5 -2) (end 4.5 -2) (layer F.SilkS) (width 0.15))
    (fp_line (start 4.5 -2) (end 4.5 -3) (layer F.SilkS) (width 0.15))
    (fp_line (start 4.5 -3) (end 7.5 -3) (layer F.SilkS) (width 0.15))
    (fp_line (start 7.5 -3) (end 7.5 1.9) (layer F.SilkS) (width 0.15))
    (fp_line (start 7.5 1.9) (end -4.5 1.9) (layer F.SilkS) (width 0.15))
    (fp_line (start -4.5 1.9) (end -4.5 -3) (layer F.SilkS) (width 0.15))
    (fp_line (start -3.325 -2.47) (end 6.325 -2.47) (layer F.CrtYd) (width 0.15))
    (fp_line (start 6.325 -2.47) (end 6.325 1.9) (layer F.CrtYd) (width 0.15))
    (fp_line (start 6.325 1.9) (end 3 1.9) (layer F.CrtYd) (width 0.15))
    (fp_line (start -3.325 1.9) (end -3.325 -2.47) (layer F.CrtYd) (width 0.15))
    (pad "" np_thru_hole circle (at 6 -1.96 90) (size 1.27 1.27) (drill 1.27) (layers *.Cu *.Mask))
    (pad 1 thru_hole circle (at 0 0 90) (size 1.7 1.7) (drill 1.02) (layers *.Cu *.Mask)
      (net 7 +12V))
    (pad 2 thru_hole circle (at 3 0 90) (size 1.7 1.7) (drill 1.02) (layers *.Cu *.Mask)
      (net 8 GNDPWR))
    (pad "" np_thru_hole circle (at -3 -1.96 90) (size 1.27 1.27) (drill 1.27) (layers *.Cu *.Mask))
  )

  (module Capacitor_SMD:C_0805_2012Metric (layer F.Cu) (tedit 5B36C52B) (tstamp 5F11B214)
    (at 182.4375 96)
    (descr "Capacitor SMD 0805 (2012 Metric), square (rectangular) end terminal, IPC_7351 nominal, (Body size source: https://docs.google.com/spreadsheets/d/1BsfQQcO9C6DZCsRaXUlFlo91Tg2WpOkGARC1WS5S8t0/edit?usp=sharing), generated with kicad-footprint-generator")
    (tags capacitor)
    (path /5C3C7D18)
    (attr smd)
    (fp_text reference C1 (at -2.4375 0 270) (layer F.SilkS)
      (effects (font (size 1 1) (thickness 0.15)))
    )
    (fp_text value 10p (at 0 1.65) (layer F.Fab)
      (effects (font (size 1 1) (thickness 0.15)))
    )
    (fp_line (start -1 0.6) (end -1 -0.6) (layer F.Fab) (width 0.1))
    (fp_line (start -1 -0.6) (end 1 -0.6) (layer F.Fab) (width 0.1))
    (fp_line (start 1 -0.6) (end 1 0.6) (layer F.Fab) (width 0.1))
    (fp_line (start 1 0.6) (end -1 0.6) (layer F.Fab) (width 0.1))
    (fp_line (start -0.258578 -0.71) (end 0.258578 -0.71) (layer F.SilkS) (width 0.12))
    (fp_line (start -0.258578 0.71) (end 0.258578 0.71) (layer F.SilkS) (width 0.12))
    (fp_line (start -1.68 0.95) (end -1.68 -0.95) (layer F.CrtYd) (width 0.05))
    (fp_line (start -1.68 -0.95) (end 1.68 -0.95) (layer F.CrtYd) (width 0.05))
    (fp_line (start 1.68 -0.95) (end 1.68 0.95) (layer F.CrtYd) (width 0.05))
    (fp_line (start 1.68 0.95) (end -1.68 0.95) (layer F.CrtYd) (width 0.05))
    (fp_text user %R (at 0 0) (layer F.Fab)
      (effects (font (size 0.5 0.5) (thickness 0.08)))
    )
    (pad 1 smd roundrect (at -0.9375 0) (size 0.975 1.4) (layers F.Cu F.Paste F.Mask) (roundrect_rratio 0.25)
      (net 3 /OSC_IN))
    (pad 2 smd roundrect (at 0.9375 0) (size 0.975 1.4) (layers F.Cu F.Paste F.Mask) (roundrect_rratio 0.25)
      (net 1 GND))
    (model ${KISYS3DMOD}/Capacitor_SMD.3dshapes/C_0805_2012Metric.wrl
      (at (xyz 0 0 0))
      (scale (xyz 1 1 1))
      (rotate (xyz 0 0 0))
    )
  )

  (module Capacitor_SMD:C_0805_2012Metric (layer F.Cu) (tedit 5B36C52B) (tstamp 5F11FBD3)
    (at 182.4375 87)
    (descr "Capacitor SMD 0805 (2012 Metric), square (rectangular) end terminal, IPC_7351 nominal, (Body size source: https://docs.google.com/spreadsheets/d/1BsfQQcO9C6DZCsRaXUlFlo91Tg2WpOkGARC1WS5S8t0/edit?usp=sharing), generated with kicad-footprint-generator")
    (tags capacitor)
    (path /5C3C7C2B)
    (attr smd)
    (fp_text reference C2 (at -2.4375 0 270) (layer F.SilkS)
      (effects (font (size 1 1) (thickness 0.15)))
    )
    (fp_text value 10p (at 0 1.65) (layer F.Fab)
      (effects (font (size 1 1) (thickness 0.15)))
    )
    (fp_line (start 1.68 0.95) (end -1.68 0.95) (layer F.CrtYd) (width 0.05))
    (fp_line (start 1.68 -0.95) (end 1.68 0.95) (layer F.CrtYd) (width 0.05))
    (fp_line (start -1.68 -0.95) (end 1.68 -0.95) (layer F.CrtYd) (width 0.05))
    (fp_line (start -1.68 0.95) (end -1.68 -0.95) (layer F.CrtYd) (width 0.05))
    (fp_line (start -0.258578 0.71) (end 0.258578 0.71) (layer F.SilkS) (width 0.12))
    (fp_line (start -0.258578 -0.71) (end 0.258578 -0.71) (layer F.SilkS) (width 0.12))
    (fp_line (start 1 0.6) (end -1 0.6) (layer F.Fab) (width 0.1))
    (fp_line (start 1 -0.6) (end 1 0.6) (layer F.Fab) (width 0.1))
    (fp_line (start -1 -0.6) (end 1 -0.6) (layer F.Fab) (width 0.1))
    (fp_line (start -1 0.6) (end -1 -0.6) (layer F.Fab) (width 0.1))
    (fp_text user %R (at 0 0) (layer F.Fab)
      (effects (font (size 0.5 0.5) (thickness 0.08)))
    )
    (pad 2 smd roundrect (at 0.9375 0) (size 0.975 1.4) (layers F.Cu F.Paste F.Mask) (roundrect_rratio 0.25)
      (net 1 GND))
    (pad 1 smd roundrect (at -0.9375 0) (size 0.975 1.4) (layers F.Cu F.Paste F.Mask) (roundrect_rratio 0.25)
      (net 5 /OSC_OUT))
    (model ${KISYS3DMOD}/Capacitor_SMD.3dshapes/C_0805_2012Metric.wrl
      (at (xyz 0 0 0))
      (scale (xyz 1 1 1))
      (rotate (xyz 0 0 0))
    )
  )

  (module Capacitor_SMD:C_0805_2012Metric (layer F.Cu) (tedit 5B36C52B) (tstamp 5F11B236)
    (at 165 81 180)
    (descr "Capacitor SMD 0805 (2012 Metric), square (rectangular) end terminal, IPC_7351 nominal, (Body size source: https://docs.google.com/spreadsheets/d/1BsfQQcO9C6DZCsRaXUlFlo91Tg2WpOkGARC1WS5S8t0/edit?usp=sharing), generated with kicad-footprint-generator")
    (tags capacitor)
    (path /5C26E1B5)
    (attr smd)
    (fp_text reference C3 (at 0 -1.65 180) (layer F.SilkS)
      (effects (font (size 1 1) (thickness 0.15)))
    )
    (fp_text value 4.7u (at 0 1.65 180) (layer F.Fab)
      (effects (font (size 1 1) (thickness 0.15)))
    )
    (fp_line (start 1.68 0.95) (end -1.68 0.95) (layer F.CrtYd) (width 0.05))
    (fp_line (start 1.68 -0.95) (end 1.68 0.95) (layer F.CrtYd) (width 0.05))
    (fp_line (start -1.68 -0.95) (end 1.68 -0.95) (layer F.CrtYd) (width 0.05))
    (fp_line (start -1.68 0.95) (end -1.68 -0.95) (layer F.CrtYd) (width 0.05))
    (fp_line (start -0.258578 0.71) (end 0.258578 0.71) (layer F.SilkS) (width 0.12))
    (fp_line (start -0.258578 -0.71) (end 0.258578 -0.71) (layer F.SilkS) (width 0.12))
    (fp_line (start 1 0.6) (end -1 0.6) (layer F.Fab) (width 0.1))
    (fp_line (start 1 -0.6) (end 1 0.6) (layer F.Fab) (width 0.1))
    (fp_line (start -1 -0.6) (end 1 -0.6) (layer F.Fab) (width 0.1))
    (fp_line (start -1 0.6) (end -1 -0.6) (layer F.Fab) (width 0.1))
    (fp_text user %R (at 0 0 180) (layer F.Fab)
      (effects (font (size 0.5 0.5) (thickness 0.08)))
    )
    (pad 2 smd roundrect (at 0.9375 0 180) (size 0.975 1.4) (layers F.Cu F.Paste F.Mask) (roundrect_rratio 0.25)
      (net 1 GND))
    (pad 1 smd roundrect (at -0.9375 0 180) (size 0.975 1.4) (layers F.Cu F.Paste F.Mask) (roundrect_rratio 0.25)
      (net 51 "Net-(C3-Pad1)"))
    (model ${KISYS3DMOD}/Capacitor_SMD.3dshapes/C_0805_2012Metric.wrl
      (at (xyz 0 0 0))
      (scale (xyz 1 1 1))
      (rotate (xyz 0 0 0))
    )
  )

  (module Capacitor_SMD:C_0805_2012Metric (layer B.Cu) (tedit 5B36C52B) (tstamp 5F11B247)
    (at 166 84.3)
    (descr "Capacitor SMD 0805 (2012 Metric), square (rectangular) end terminal, IPC_7351 nominal, (Body size source: https://docs.google.com/spreadsheets/d/1BsfQQcO9C6DZCsRaXUlFlo91Tg2WpOkGARC1WS5S8t0/edit?usp=sharing), generated with kicad-footprint-generator")
    (tags capacitor)
    (path /5C25D0A3)
    (attr smd)
    (fp_text reference C4 (at 0 1.65 180) (layer B.SilkS)
      (effects (font (size 1 1) (thickness 0.15)) (justify mirror))
    )
    (fp_text value 0.1u (at 0 -1.65 180) (layer B.Fab)
      (effects (font (size 1 1) (thickness 0.15)) (justify mirror))
    )
    (fp_line (start -1 -0.6) (end -1 0.6) (layer B.Fab) (width 0.1))
    (fp_line (start -1 0.6) (end 1 0.6) (layer B.Fab) (width 0.1))
    (fp_line (start 1 0.6) (end 1 -0.6) (layer B.Fab) (width 0.1))
    (fp_line (start 1 -0.6) (end -1 -0.6) (layer B.Fab) (width 0.1))
    (fp_line (start -0.258578 0.71) (end 0.258578 0.71) (layer B.SilkS) (width 0.12))
    (fp_line (start -0.258578 -0.71) (end 0.258578 -0.71) (layer B.SilkS) (width 0.12))
    (fp_line (start -1.68 -0.95) (end -1.68 0.95) (layer B.CrtYd) (width 0.05))
    (fp_line (start -1.68 0.95) (end 1.68 0.95) (layer B.CrtYd) (width 0.05))
    (fp_line (start 1.68 0.95) (end 1.68 -0.95) (layer B.CrtYd) (width 0.05))
    (fp_line (start 1.68 -0.95) (end -1.68 -0.95) (layer B.CrtYd) (width 0.05))
    (fp_text user %R (at 0 0 180) (layer B.Fab)
      (effects (font (size 0.5 0.5) (thickness 0.08)) (justify mirror))
    )
    (pad 1 smd roundrect (at -0.9375 0) (size 0.975 1.4) (layers B.Cu B.Paste B.Mask) (roundrect_rratio 0.25)
      (net 2 +3V3))
    (pad 2 smd roundrect (at 0.9375 0) (size 0.975 1.4) (layers B.Cu B.Paste B.Mask) (roundrect_rratio 0.25)
      (net 1 GND))
    (model ${KISYS3DMOD}/Capacitor_SMD.3dshapes/C_0805_2012Metric.wrl
      (at (xyz 0 0 0))
      (scale (xyz 1 1 1))
      (rotate (xyz 0 0 0))
    )
  )

  (module Capacitor_SMD:C_0805_2012Metric (layer B.Cu) (tedit 5B36C52B) (tstamp 5F11B258)
    (at 175.2 88 270)
    (descr "Capacitor SMD 0805 (2012 Metric), square (rectangular) end terminal, IPC_7351 nominal, (Body size source: https://docs.google.com/spreadsheets/d/1BsfQQcO9C6DZCsRaXUlFlo91Tg2WpOkGARC1WS5S8t0/edit?usp=sharing), generated with kicad-footprint-generator")
    (tags capacitor)
    (path /5C25EB12)
    (attr smd)
    (fp_text reference C5 (at 0 -1.55 90) (layer B.SilkS)
      (effects (font (size 1 1) (thickness 0.15)) (justify mirror))
    )
    (fp_text value 0.1u (at 0 -1.65 90) (layer B.Fab)
      (effects (font (size 1 1) (thickness 0.15)) (justify mirror))
    )
    (fp_line (start 1.68 -0.95) (end -1.68 -0.95) (layer B.CrtYd) (width 0.05))
    (fp_line (start 1.68 0.95) (end 1.68 -0.95) (layer B.CrtYd) (width 0.05))
    (fp_line (start -1.68 0.95) (end 1.68 0.95) (layer B.CrtYd) (width 0.05))
    (fp_line (start -1.68 -0.95) (end -1.68 0.95) (layer B.CrtYd) (width 0.05))
    (fp_line (start -0.258578 -0.71) (end 0.258578 -0.71) (layer B.SilkS) (width 0.12))
    (fp_line (start -0.258578 0.71) (end 0.258578 0.71) (layer B.SilkS) (width 0.12))
    (fp_line (start 1 -0.6) (end -1 -0.6) (layer B.Fab) (width 0.1))
    (fp_line (start 1 0.6) (end 1 -0.6) (layer B.Fab) (width 0.1))
    (fp_line (start -1 0.6) (end 1 0.6) (layer B.Fab) (width 0.1))
    (fp_line (start -1 -0.6) (end -1 0.6) (layer B.Fab) (width 0.1))
    (fp_text user %R (at 0 0 90) (layer B.Fab)
      (effects (font (size 0.5 0.5) (thickness 0.08)) (justify mirror))
    )
    (pad 2 smd roundrect (at 0.9375 0 270) (size 0.975 1.4) (layers B.Cu B.Paste B.Mask) (roundrect_rratio 0.25)
      (net 1 GND))
    (pad 1 smd roundrect (at -0.9375 0 270) (size 0.975 1.4) (layers B.Cu B.Paste B.Mask) (roundrect_rratio 0.25)
      (net 2 +3V3))
    (model ${KISYS3DMOD}/Capacitor_SMD.3dshapes/C_0805_2012Metric.wrl
      (at (xyz 0 0 0))
      (scale (xyz 1 1 1))
      (rotate (xyz 0 0 0))
    )
  )

  (module Capacitor_SMD:C_0805_2012Metric (layer B.Cu) (tedit 5B36C52B) (tstamp 5F11B269)
    (at 172.5 84.3)
    (descr "Capacitor SMD 0805 (2012 Metric), square (rectangular) end terminal, IPC_7351 nominal, (Body size source: https://docs.google.com/spreadsheets/d/1BsfQQcO9C6DZCsRaXUlFlo91Tg2WpOkGARC1WS5S8t0/edit?usp=sharing), generated with kicad-footprint-generator")
    (tags capacitor)
    (path /5C25D142)
    (attr smd)
    (fp_text reference C6 (at 0 -1.55) (layer B.SilkS)
      (effects (font (size 1 1) (thickness 0.15)) (justify mirror))
    )
    (fp_text value 0.1u (at 0 -1.65) (layer B.Fab)
      (effects (font (size 1 1) (thickness 0.15)) (justify mirror))
    )
    (fp_line (start 1.68 -0.95) (end -1.68 -0.95) (layer B.CrtYd) (width 0.05))
    (fp_line (start 1.68 0.95) (end 1.68 -0.95) (layer B.CrtYd) (width 0.05))
    (fp_line (start -1.68 0.95) (end 1.68 0.95) (layer B.CrtYd) (width 0.05))
    (fp_line (start -1.68 -0.95) (end -1.68 0.95) (layer B.CrtYd) (width 0.05))
    (fp_line (start -0.258578 -0.71) (end 0.258578 -0.71) (layer B.SilkS) (width 0.12))
    (fp_line (start -0.258578 0.71) (end 0.258578 0.71) (layer B.SilkS) (width 0.12))
    (fp_line (start 1 -0.6) (end -1 -0.6) (layer B.Fab) (width 0.1))
    (fp_line (start 1 0.6) (end 1 -0.6) (layer B.Fab) (width 0.1))
    (fp_line (start -1 0.6) (end 1 0.6) (layer B.Fab) (width 0.1))
    (fp_line (start -1 -0.6) (end -1 0.6) (layer B.Fab) (width 0.1))
    (fp_text user %R (at 0 0) (layer B.Fab)
      (effects (font (size 0.5 0.5) (thickness 0.08)) (justify mirror))
    )
    (pad 2 smd roundrect (at 0.9375 0) (size 0.975 1.4) (layers B.Cu B.Paste B.Mask) (roundrect_rratio 0.25)
      (net 1 GND))
    (pad 1 smd roundrect (at -0.9375 0) (size 0.975 1.4) (layers B.Cu B.Paste B.Mask) (roundrect_rratio 0.25)
      (net 2 +3V3))
    (model ${KISYS3DMOD}/Capacitor_SMD.3dshapes/C_0805_2012Metric.wrl
      (at (xyz 0 0 0))
      (scale (xyz 1 1 1))
      (rotate (xyz 0 0 0))
    )
  )

  (module Capacitor_SMD:C_0805_2012Metric (layer B.Cu) (tedit 5B36C52B) (tstamp 5F11B27A)
    (at 172.5 88 270)
    (descr "Capacitor SMD 0805 (2012 Metric), square (rectangular) end terminal, IPC_7351 nominal, (Body size source: https://docs.google.com/spreadsheets/d/1BsfQQcO9C6DZCsRaXUlFlo91Tg2WpOkGARC1WS5S8t0/edit?usp=sharing), generated with kicad-footprint-generator")
    (tags capacitor)
    (path /5C25F2B0)
    (attr smd)
    (fp_text reference C7 (at 0 1.5 90) (layer B.SilkS)
      (effects (font (size 1 1) (thickness 0.15)) (justify mirror))
    )
    (fp_text value 1u (at 0 -1.65 90) (layer B.Fab)
      (effects (font (size 1 1) (thickness 0.15)) (justify mirror))
    )
    (fp_line (start -1 -0.6) (end -1 0.6) (layer B.Fab) (width 0.1))
    (fp_line (start -1 0.6) (end 1 0.6) (layer B.Fab) (width 0.1))
    (fp_line (start 1 0.6) (end 1 -0.6) (layer B.Fab) (width 0.1))
    (fp_line (start 1 -0.6) (end -1 -0.6) (layer B.Fab) (width 0.1))
    (fp_line (start -0.258578 0.71) (end 0.258578 0.71) (layer B.SilkS) (width 0.12))
    (fp_line (start -0.258578 -0.71) (end 0.258578 -0.71) (layer B.SilkS) (width 0.12))
    (fp_line (start -1.68 -0.95) (end -1.68 0.95) (layer B.CrtYd) (width 0.05))
    (fp_line (start -1.68 0.95) (end 1.68 0.95) (layer B.CrtYd) (width 0.05))
    (fp_line (start 1.68 0.95) (end 1.68 -0.95) (layer B.CrtYd) (width 0.05))
    (fp_line (start 1.68 -0.95) (end -1.68 -0.95) (layer B.CrtYd) (width 0.05))
    (fp_text user %R (at 0 0 90) (layer B.Fab)
      (effects (font (size 0.5 0.5) (thickness 0.08)) (justify mirror))
    )
    (pad 1 smd roundrect (at -0.9375 0 270) (size 0.975 1.4) (layers B.Cu B.Paste B.Mask) (roundrect_rratio 0.25)
      (net 2 +3V3))
    (pad 2 smd roundrect (at 0.9375 0 270) (size 0.975 1.4) (layers B.Cu B.Paste B.Mask) (roundrect_rratio 0.25)
      (net 1 GND))
    (model ${KISYS3DMOD}/Capacitor_SMD.3dshapes/C_0805_2012Metric.wrl
      (at (xyz 0 0 0))
      (scale (xyz 1 1 1))
      (rotate (xyz 0 0 0))
    )
  )

  (module Capacitor_SMD:C_0805_2012Metric (layer B.Cu) (tedit 5B36C52B) (tstamp 5F120250)
    (at 173 95.7 180)
    (descr "Capacitor SMD 0805 (2012 Metric), square (rectangular) end terminal, IPC_7351 nominal, (Body size source: https://docs.google.com/spreadsheets/d/1BsfQQcO9C6DZCsRaXUlFlo91Tg2WpOkGARC1WS5S8t0/edit?usp=sharing), generated with kicad-footprint-generator")
    (tags capacitor)
    (path /5C25D19E)
    (attr smd)
    (fp_text reference C8 (at 0 -1.55) (layer B.SilkS)
      (effects (font (size 1 1) (thickness 0.15)) (justify mirror))
    )
    (fp_text value 0.1u (at 0 -1.65) (layer B.Fab)
      (effects (font (size 1 1) (thickness 0.15)) (justify mirror))
    )
    (fp_line (start -1 -0.6) (end -1 0.6) (layer B.Fab) (width 0.1))
    (fp_line (start -1 0.6) (end 1 0.6) (layer B.Fab) (width 0.1))
    (fp_line (start 1 0.6) (end 1 -0.6) (layer B.Fab) (width 0.1))
    (fp_line (start 1 -0.6) (end -1 -0.6) (layer B.Fab) (width 0.1))
    (fp_line (start -0.258578 0.71) (end 0.258578 0.71) (layer B.SilkS) (width 0.12))
    (fp_line (start -0.258578 -0.71) (end 0.258578 -0.71) (layer B.SilkS) (width 0.12))
    (fp_line (start -1.68 -0.95) (end -1.68 0.95) (layer B.CrtYd) (width 0.05))
    (fp_line (start -1.68 0.95) (end 1.68 0.95) (layer B.CrtYd) (width 0.05))
    (fp_line (start 1.68 0.95) (end 1.68 -0.95) (layer B.CrtYd) (width 0.05))
    (fp_line (start 1.68 -0.95) (end -1.68 -0.95) (layer B.CrtYd) (width 0.05))
    (fp_text user %R (at 0 0) (layer B.Fab)
      (effects (font (size 0.5 0.5) (thickness 0.08)) (justify mirror))
    )
    (pad 1 smd roundrect (at -0.9375 0 180) (size 0.975 1.4) (layers B.Cu B.Paste B.Mask) (roundrect_rratio 0.25)
      (net 2 +3V3))
    (pad 2 smd roundrect (at 0.9375 0 180) (size 0.975 1.4) (layers B.Cu B.Paste B.Mask) (roundrect_rratio 0.25)
      (net 1 GND))
    (model ${KISYS3DMOD}/Capacitor_SMD.3dshapes/C_0805_2012Metric.wrl
      (at (xyz 0 0 0))
      (scale (xyz 1 1 1))
      (rotate (xyz 0 0 0))
    )
  )

  (module Capacitor_SMD:C_0805_2012Metric (layer F.Cu) (tedit 5B36C52B) (tstamp 5F11B29C)
    (at 186.5 91.5 270)
    (descr "Capacitor SMD 0805 (2012 Metric), square (rectangular) end terminal, IPC_7351 nominal, (Body size source: https://docs.google.com/spreadsheets/d/1BsfQQcO9C6DZCsRaXUlFlo91Tg2WpOkGARC1WS5S8t0/edit?usp=sharing), generated with kicad-footprint-generator")
    (tags capacitor)
    (path /5C32FFDF)
    (attr smd)
    (fp_text reference C9 (at 0 -1.65 90) (layer F.SilkS)
      (effects (font (size 1 1) (thickness 0.15)))
    )
    (fp_text value 0.1u (at 0 1.65 90) (layer F.Fab)
      (effects (font (size 1 1) (thickness 0.15)))
    )
    (fp_line (start 1.68 0.95) (end -1.68 0.95) (layer F.CrtYd) (width 0.05))
    (fp_line (start 1.68 -0.95) (end 1.68 0.95) (layer F.CrtYd) (width 0.05))
    (fp_line (start -1.68 -0.95) (end 1.68 -0.95) (layer F.CrtYd) (width 0.05))
    (fp_line (start -1.68 0.95) (end -1.68 -0.95) (layer F.CrtYd) (width 0.05))
    (fp_line (start -0.258578 0.71) (end 0.258578 0.71) (layer F.SilkS) (width 0.12))
    (fp_line (start -0.258578 -0.71) (end 0.258578 -0.71) (layer F.SilkS) (width 0.12))
    (fp_line (start 1 0.6) (end -1 0.6) (layer F.Fab) (width 0.1))
    (fp_line (start 1 -0.6) (end 1 0.6) (layer F.Fab) (width 0.1))
    (fp_line (start -1 -0.6) (end 1 -0.6) (layer F.Fab) (width 0.1))
    (fp_line (start -1 0.6) (end -1 -0.6) (layer F.Fab) (width 0.1))
    (fp_text user %R (at 0 0 90) (layer F.Fab)
      (effects (font (size 0.5 0.5) (thickness 0.08)))
    )
    (pad 2 smd roundrect (at 0.9375 0 270) (size 0.975 1.4) (layers F.Cu F.Paste F.Mask) (roundrect_rratio 0.25)
      (net 1 GND))
    (pad 1 smd roundrect (at -0.9375 0 270) (size 0.975 1.4) (layers F.Cu F.Paste F.Mask) (roundrect_rratio 0.25)
      (net 4 /NRST))
    (model ${KISYS3DMOD}/Capacitor_SMD.3dshapes/C_0805_2012Metric.wrl
      (at (xyz 0 0 0))
      (scale (xyz 1 1 1))
      (rotate (xyz 0 0 0))
    )
  )

  (module Capacitor_SMD:C_0805_2012Metric (layer B.Cu) (tedit 5B36C52B) (tstamp 5F11B2AD)
    (at 163.8 93.5 90)
    (descr "Capacitor SMD 0805 (2012 Metric), square (rectangular) end terminal, IPC_7351 nominal, (Body size source: https://docs.google.com/spreadsheets/d/1BsfQQcO9C6DZCsRaXUlFlo91Tg2WpOkGARC1WS5S8t0/edit?usp=sharing), generated with kicad-footprint-generator")
    (tags capacitor)
    (path /5C25D1E2)
    (attr smd)
    (fp_text reference C10 (at 0 -1.55 90) (layer B.SilkS)
      (effects (font (size 1 1) (thickness 0.15)) (justify mirror))
    )
    (fp_text value 0.1u (at 0 -1.65 90) (layer B.Fab)
      (effects (font (size 1 1) (thickness 0.15)) (justify mirror))
    )
    (fp_line (start 1.68 -0.95) (end -1.68 -0.95) (layer B.CrtYd) (width 0.05))
    (fp_line (start 1.68 0.95) (end 1.68 -0.95) (layer B.CrtYd) (width 0.05))
    (fp_line (start -1.68 0.95) (end 1.68 0.95) (layer B.CrtYd) (width 0.05))
    (fp_line (start -1.68 -0.95) (end -1.68 0.95) (layer B.CrtYd) (width 0.05))
    (fp_line (start -0.258578 -0.71) (end 0.258578 -0.71) (layer B.SilkS) (width 0.12))
    (fp_line (start -0.258578 0.71) (end 0.258578 0.71) (layer B.SilkS) (width 0.12))
    (fp_line (start 1 -0.6) (end -1 -0.6) (layer B.Fab) (width 0.1))
    (fp_line (start 1 0.6) (end 1 -0.6) (layer B.Fab) (width 0.1))
    (fp_line (start -1 0.6) (end 1 0.6) (layer B.Fab) (width 0.1))
    (fp_line (start -1 -0.6) (end -1 0.6) (layer B.Fab) (width 0.1))
    (fp_text user %R (at 0 0 90) (layer B.Fab)
      (effects (font (size 0.5 0.5) (thickness 0.08)) (justify mirror))
    )
    (pad 2 smd roundrect (at 0.9375 0 90) (size 0.975 1.4) (layers B.Cu B.Paste B.Mask) (roundrect_rratio 0.25)
      (net 1 GND))
    (pad 1 smd roundrect (at -0.9375 0 90) (size 0.975 1.4) (layers B.Cu B.Paste B.Mask) (roundrect_rratio 0.25)
      (net 2 +3V3))
    (model ${KISYS3DMOD}/Capacitor_SMD.3dshapes/C_0805_2012Metric.wrl
      (at (xyz 0 0 0))
      (scale (xyz 1 1 1))
      (rotate (xyz 0 0 0))
    )
  )

  (module Capacitor_SMD:C_0805_2012Metric (layer B.Cu) (tedit 5B36C52B) (tstamp 5F11B2BE)
    (at 166.5 93.5 90)
    (descr "Capacitor SMD 0805 (2012 Metric), square (rectangular) end terminal, IPC_7351 nominal, (Body size source: https://docs.google.com/spreadsheets/d/1BsfQQcO9C6DZCsRaXUlFlo91Tg2WpOkGARC1WS5S8t0/edit?usp=sharing), generated with kicad-footprint-generator")
    (tags capacitor)
    (path /5C25D362)
    (attr smd)
    (fp_text reference C11 (at 0 1.65 270) (layer B.SilkS)
      (effects (font (size 1 1) (thickness 0.15)) (justify mirror))
    )
    (fp_text value 4.7u (at 0 -1.65 270) (layer B.Fab)
      (effects (font (size 1 1) (thickness 0.15)) (justify mirror))
    )
    (fp_line (start -1 -0.6) (end -1 0.6) (layer B.Fab) (width 0.1))
    (fp_line (start -1 0.6) (end 1 0.6) (layer B.Fab) (width 0.1))
    (fp_line (start 1 0.6) (end 1 -0.6) (layer B.Fab) (width 0.1))
    (fp_line (start 1 -0.6) (end -1 -0.6) (layer B.Fab) (width 0.1))
    (fp_line (start -0.258578 0.71) (end 0.258578 0.71) (layer B.SilkS) (width 0.12))
    (fp_line (start -0.258578 -0.71) (end 0.258578 -0.71) (layer B.SilkS) (width 0.12))
    (fp_line (start -1.68 -0.95) (end -1.68 0.95) (layer B.CrtYd) (width 0.05))
    (fp_line (start -1.68 0.95) (end 1.68 0.95) (layer B.CrtYd) (width 0.05))
    (fp_line (start 1.68 0.95) (end 1.68 -0.95) (layer B.CrtYd) (width 0.05))
    (fp_line (start 1.68 -0.95) (end -1.68 -0.95) (layer B.CrtYd) (width 0.05))
    (fp_text user %R (at 0 0 270) (layer B.Fab)
      (effects (font (size 0.5 0.5) (thickness 0.08)) (justify mirror))
    )
    (pad 1 smd roundrect (at -0.9375 0 90) (size 0.975 1.4) (layers B.Cu B.Paste B.Mask) (roundrect_rratio 0.25)
      (net 2 +3V3))
    (pad 2 smd roundrect (at 0.9375 0 90) (size 0.975 1.4) (layers B.Cu B.Paste B.Mask) (roundrect_rratio 0.25)
      (net 1 GND))
    (model ${KISYS3DMOD}/Capacitor_SMD.3dshapes/C_0805_2012Metric.wrl
      (at (xyz 0 0 0))
      (scale (xyz 1 1 1))
      (rotate (xyz 0 0 0))
    )
  )

  (module Capacitor_SMD:C_0805_2012Metric (layer B.Cu) (tedit 5B36C52B) (tstamp 5F1348AB)
    (at 107.5 110.5 90)
    (descr "Capacitor SMD 0805 (2012 Metric), square (rectangular) end terminal, IPC_7351 nominal, (Body size source: https://docs.google.com/spreadsheets/d/1BsfQQcO9C6DZCsRaXUlFlo91Tg2WpOkGARC1WS5S8t0/edit?usp=sharing), generated with kicad-footprint-generator")
    (tags capacitor)
    (path /5C29E573/5C35F7E4)
    (attr smd)
    (fp_text reference C12 (at 0 1.65 270) (layer B.SilkS)
      (effects (font (size 1 1) (thickness 0.15)) (justify mirror))
    )
    (fp_text value 4.7u (at 0 -1.65 270) (layer B.Fab)
      (effects (font (size 1 1) (thickness 0.15)) (justify mirror))
    )
    (fp_line (start 1.68 -0.95) (end -1.68 -0.95) (layer B.CrtYd) (width 0.05))
    (fp_line (start 1.68 0.95) (end 1.68 -0.95) (layer B.CrtYd) (width 0.05))
    (fp_line (start -1.68 0.95) (end 1.68 0.95) (layer B.CrtYd) (width 0.05))
    (fp_line (start -1.68 -0.95) (end -1.68 0.95) (layer B.CrtYd) (width 0.05))
    (fp_line (start -0.258578 -0.71) (end 0.258578 -0.71) (layer B.SilkS) (width 0.12))
    (fp_line (start -0.258578 0.71) (end 0.258578 0.71) (layer B.SilkS) (width 0.12))
    (fp_line (start 1 -0.6) (end -1 -0.6) (layer B.Fab) (width 0.1))
    (fp_line (start 1 0.6) (end 1 -0.6) (layer B.Fab) (width 0.1))
    (fp_line (start -1 0.6) (end 1 0.6) (layer B.Fab) (width 0.1))
    (fp_line (start -1 -0.6) (end -1 0.6) (layer B.Fab) (width 0.1))
    (fp_text user %R (at 0 0 270) (layer B.Fab)
      (effects (font (size 0.5 0.5) (thickness 0.08)) (justify mirror))
    )
    (pad 2 smd roundrect (at 0.9375 0 90) (size 0.975 1.4) (layers B.Cu B.Paste B.Mask) (roundrect_rratio 0.25)
      (net 8 GNDPWR))
    (pad 1 smd roundrect (at -0.9375 0 90) (size 0.975 1.4) (layers B.Cu B.Paste B.Mask) (roundrect_rratio 0.25)
